0 10878464631
1 10878467690
2 10878470099
3 10878473448
4 10878474701
5 10878476280
6 10878478404
7 10878481307
8 10878484725
9 10878489335
10 10878492178
11 10878493845
12 10878494877
13 10878497783
14 10878501751
15 10878505195
16 10878508251
17 10878512808
18 10878515281
19 10878520005
20 10878524086
21 10878527747
22 10878533486
23 10878536477
24 10878539835
25 10878545000
26 10878551508
27 10878556056
28 10878560465
29 10878566154
30 10878570831
31 10878574936
32 10878577636
33 10878581910
34 10878585767
35 10878588346
36 10878591696
37 10878594802
38 10878599756
39 10878602023
40 10878604007
41 10878610437
42 10878615944
43 10878621951
44 10878626887
45 10878630707
46 10878634802
47 10878641656
48 10878647201
49 10878651332
50 10878658413
51 10878659987
52 10878663628
53 10878667468
54 10878671060
55 10878672258
56 10878678502
57 10878683437
58 10878692973
59 10878715919
60 10878727040
